1	286
1	20
1	517
1	53
1	418
2	3
2	4
3	191
3	186
3	61
3	2
3	358
3	22
3	151
3	4
4	67
4	429
4	186
4	358
4	3
4	241
4	2
4	340
4	157
4	116
4	284
4	248
4	174
4	142
4	61
4	22
4	151
4	504
4	5
4	83
4	198
5	284
5	248
5	67
5	434
5	198
5	157
5	499
5	215
5	504
5	22
5	238
5	241
5	61
5	116
5	410
5	311
5	358
5	256
5	106
5	174
5	429
5	4
5	91
5	8
5	389
5	303
5	122
5	443
5	518
5	142
5	317
5	127
6	198
6	257
6	434
6	22
6	345
6	106
6	401
6	57
6	17
6	67
6	321
6	46
6	527
6	88
6	151
6	410
6	16
6	83
6	241
6	111
6	494
6	99
6	296
7	79
7	203
7	263
7	359
7	212
7	181
7	489
7	279
8	443
8	248
8	524
8	316
8	141
8	434
8	401
8	341
8	91
8	106
8	67
8	198
8	111
8	161
8	358
8	527
8	410
8	61
8	365
8	296
8	165
8	267
8	494
8	5
8	261
9	112
9	505
9	226
9	102
9	104
10	339
10	36
10	180
10	162
10	38
10	492
10	164
10	242
10	334
10	74
10	478
10	424
10	249
10	475
10	273
10	464
10	119
10	71
10	314
10	297
10	291
10	422
10	433
10	362
10	87
10	173
10	278
10	409
10	201
10	276
10	269
10	227
10	285
10	155
10	21
10	209
10	262
10	302
10	394
10	497
10	352
10	532
10	194
10	92
11	472
11	210
11	26
11	416
11	388
11	463
11	195
11	466
11	95
11	313
11	147
11	512
11	158
11	300
11	528
11	30
11	493
11	32
11	120
11	35
11	199
12	408
12	461
12	418
12	304
13	104
13	425
13	288
13	379
13	193
13	305
14	115
14	420
14	145
14	226
14	189
14	150
14	112
14	374
14	56
14	97
15	189
15	246
15	145
15	451
15	243
16	410
16	161
16	417
16	494
16	22
16	446
16	174
16	67
16	205
16	487
16	176
16	400
16	6
16	364
16	261
16	504
16	248
16	296
16	241
16	17
16	41
16	61
16	299
16	169
16	389
16	37
16	500
16	387
16	404
16	142
16	207
16	522
16	111
16	57
16	198
16	499
16	317
16	93
16	106
16	358
16	51
16	257
16	340
16	151
16	397
16	360
17	22
17	518
17	357
17	358
17	446
17	61
17	248
17	67
17	360
17	365
17	57
17	410
17	504
17	174
17	151
17	527
17	400
17	389
17	183
17	296
17	494
17	238
17	397
17	190
17	257
17	256
17	299
17	111
17	16
17	142
17	161
17	434
17	6
17	83
17	430
17	169
17	198
17	349
17	241
17	317
17	46
17	284
17	215
17	499
18	351
18	63
18	236
18	170
18	94
18	299
18	487
18	207
18	364
18	293
18	161
18	111
18	292
18	169
18	470
18	417
18	397
19	161
19	141
19	397
19	459
19	448
19	383
19	54
19	434
19	138
19	168
19	176
19	111
19	522
19	28
19	222
20	113
20	186
20	241
20	1
20	207
20	170
20	257
20	237
20	437
20	418
20	340
20	151
20	336
21	419
21	386
21	375
21	249
21	173
21	64
21	297
21	201
21	291
21	443
21	464
21	334
21	10
21	339
21	302
21	194
21	424
21	278
21	433
21	164
21	119
21	153
21	362
21	409
21	330
21	394
21	285
21	314
21	36
21	478
21	71
21	273
21	92
21	276
21	227
21	155
21	87
22	80
22	441
22	151
22	261
22	4
22	238
22	524
22	383
22	256
22	67
22	215
22	358
22	267
22	400
22	518
22	323
22	111
22	415
22	527
22	61
22	174
22	123
22	360
22	169
22	161
22	504
22	6
22	499
22	430
22	317
22	410
22	16
22	390
22	401
22	27
22	241
22	3
22	494
22	257
22	364
22	389
22	17
22	311
22	198
22	251
22	183
22	296
22	142
22	218
22	5
23	389
23	390
23	267
23	500
23	494
24	381
24	525
24	208
24	282
24	281
24	274
24	59
24	158
24	354
24	353
24	34
24	213
24	457
24	460
24	135
24	507
24	370
24	72
24	149
25	354
25	100
25	130
25	179
25	343
25	319
25	501
25	35
25	331
25	210
25	95
25	372
25	384
25	324
26	388
26	40
26	81
26	343
26	322
26	493
26	528
26	199
26	512
26	134
26	501
26	329
26	457
26	167
26	438
26	32
26	472
26	347
26	488
26	35
26	166
26	30
26	95
26	195
26	289
26	11
26	313
27	524
27	125
27	22
27	487
27	491
27	390
27	61
28	360
28	448
28	176
28	483
28	487
28	491
28	169
28	141
28	236
28	323
28	54
28	522
28	161
28	434
28	397
28	19
28	125
28	383
28	317
29	466
29	488
29	52
29	270
29	503
29	277
29	481
29	355
29	72
29	426
29	158
29	381
29	269
29	124
29	121
29	385
29	135
29	354
29	507
29	244
29	463
29	418
29	156
30	95
30	40
30	167
30	35
30	120
30	244
30	325
30	26
30	388
30	338
30	232
30	287
30	177
30	195
30	472
30	289
30	32
30	169
30	300
30	11
30	501
30	452
30	76
30	322
30	166
30	199
30	148
30	182
30	512
30	382
31	335
31	272
31	144
31	396
31	395
31	530
31	475
31	320
31	239
31	42
31	513
31	265
31	318
31	85
31	136
32	472
32	232
32	35
32	300
32	438
32	199
32	26
32	388
32	30
32	95
32	289
32	493
32	148
32	322
32	11
32	345
32	380
32	501
32	76
32	244
32	216
32	167
32	528
32	120
32	512
33	99
33	389
34	100
34	325
34	319
34	187
34	24
34	149
34	435
34	501
34	188
34	338
34	210
34	95
34	438
34	166
34	244
34	382
34	98
34	101
34	385
34	134
34	90
34	370
34	343
34	484
34	457
34	423
34	512
34	281
35	199
35	195
35	169
35	384
35	95
35	300
35	232
35	11
35	325
35	120
35	289
35	127
35	40
35	322
35	30
35	438
35	472
35	501
35	313
35	26
35	512
35	388
35	32
35	528
35	484
35	25
35	76
36	330
36	86
36	357
36	194
36	10
36	273
36	328
36	87
36	119
36	433
36	314
36	21
36	164
36	334
36	339
37	410
37	404
37	397
37	51
37	266
37	459
37	494
37	236
37	92
37	434
37	411
37	50
37	496
37	16
37	522
37	487
37	527
37	106
37	109
37	41
37	111
37	248
37	176
37	430
38	163
38	249
38	71
38	194
38	10
38	119
38	74
38	399
38	409
38	209
38	48
38	92
38	262
38	87
39	449
39	133
39	474
39	431
39	414
39	193
39	428
39	301
39	469
39	107
39	160
39	305
39	104
39	379
39	288
39	425
40	501
40	35
40	199
40	169
40	26
40	300
40	523
40	388
40	195
40	322
40	30
40	167
40	512
40	472
40	120
40	382
40	325
41	459
41	494
41	487
41	434
41	67
41	111
41	496
41	207
41	410
41	401
41	176
41	16
41	248
41	37
41	430
41	54
41	483
41	92
41	504
41	51
41	397
41	387
41	50
41	266
41	236
41	109
41	527
41	151
41	411
41	404
41	522
42	85
42	318
42	369
42	395
42	513
42	239
42	335
42	272
42	144
42	396
42	530
42	320
42	265
42	31
43	406
43	215
43	202
43	131
43	317
44	344
44	152
44	327
44	337
44	490
44	260
44	523
44	219
44	520
44	66
44	369
44	172
44	477
44	352
44	309
44	516
45	389
45	128
45	259
45	159
45	89
45	440
45	146
45	214
45	204
45	476
45	455
45	47
45	82
45	178
46	400
46	169
46	198
46	389
46	524
46	151
46	17
46	57
46	106
46	317
46	215
46	6
46	231
46	248
46	238
46	111
46	256
46	494
46	241
46	190
46	527
46	257
46	296
46	359
47	214
47	178
47	389
47	204
47	146
47	440
47	455
47	82
47	159
47	128
47	259
47	45
47	476
48	262
48	409
48	209
48	163
48	391
48	119
48	87
48	38
48	249
48	74
48	71
48	458
49	354
49	380
49	452
49	315
49	343
49	435
49	493
49	65
49	182
49	287
49	254
49	90
50	401
50	527
50	67
50	496
50	524
50	134
50	198
50	41
50	248
50	390
50	377
50	37
50	87
50	430
51	351
51	487
51	377
51	84
51	364
51	404
51	245
51	16
51	192
51	54
51	41
51	397
51	125
51	522
51	94
51	80
51	37
51	176
52	270
52	59
52	531
52	158
52	392
52	507
52	75
52	72
52	426
52	481
52	457
52	244
52	355
52	354
52	156
52	137
52	277
52	381
52	427
52	525
52	269
52	413
52	463
52	29
52	135
52	466
52	363
52	274
52	385
53	117
53	482
53	62
53	132
53	96
53	517
53	70
53	1
53	286
54	84
54	351
54	487
54	494
54	441
54	360
54	404
54	483
54	434
54	397
54	169
54	299
54	108
54	41
54	389
54	51
54	94
54	383
54	293
54	266
54	176
54	415
54	448
54	80
54	522
54	93
54	459
54	236
54	111
54	470
54	417
54	19
54	125
54	205
54	141
54	192
54	161
54	138
54	170
54	123
54	364
54	251
54	222
54	271
54	28
54	292
55	229
55	384
55	240
55	216
56	112
56	420
56	115
56	97
56	189
56	332
56	145
56	226
56	150
56	14
56	246
56	374
56	451
56	462
57	275
57	522
57	151
57	518
57	17
57	248
57	410
57	46
57	16
57	349
57	358
57	404
57	106
57	111
57	494
57	6
57	257
57	176
57	527
57	401
57	524
57	397
58	122
58	317
58	87
58	62
58	487
58	248
58	400
58	261
59	353
59	274
59	52
59	460
59	149
59	213
59	457
59	481
59	211
59	525
59	24
59	72
59	507
59	158
59	244
59	370
59	282
59	124
60	254
60	148
60	269
61	487
61	358
61	142
61	161
61	317
61	499
61	417
61	491
61	198
61	500
61	91
61	3
61	410
61	183
61	486
61	390
61	311
61	401
61	231
61	284
61	296
61	16
61	494
61	27
61	389
61	5
61	251
61	524
61	248
61	465
61	17
61	256
61	190
61	383
61	441
61	151
61	67
61	8
61	4
61	437
61	527
61	518
61	174
61	261
61	186
61	357
61	215
61	533
61	429
61	504
61	434
61	430
61	22
61	114
61	111
62	236
62	336
62	113
62	58
62	418
62	285
62	116
62	53
62	86
62	241
62	311
62	377
62	87
62	390
62	248
62	71
62	117
62	194
63	108
63	397
63	483
63	411
63	94
63	222
63	141
63	351
63	109
63	459
63	522
63	364
63	84
63	93
63	496
63	236
63	161
63	169
63	176
63	383
63	18
63	111
63	271
64	285
64	464
64	424
64	302
64	269
64	164
64	278
64	180
64	394
64	276
64	291
64	201
64	478
64	21
64	87
64	419
64	194
65	282
65	325
65	254
65	182
65	402
65	384
65	380
65	393
65	49
65	438
65	319
65	388
65	244
65	235
65	98
65	130
65	503
65	101
65	354
65	100
66	180
66	327
66	490
66	228
66	206
66	344
66	477
66	352
66	369
66	516
66	337
66	219
66	523
66	152
66	74
66	44
66	520
66	309
66	260
67	8
67	504
67	41
67	61
67	494
67	446
67	303
67	16
67	215
67	410
67	400
67	358
67	161
67	284
67	321
67	499
67	238
67	360
67	17
67	22
67	383
67	401
67	169
67	50
67	151
67	4
67	524
67	248
67	190
67	198
67	434
67	256
67	174
67	99
67	241
67	91
67	518
67	389
67	111
67	142
67	5
67	441
67	317
67	527
67	83
67	430
67	357
67	296
67	6
68	373
68	264
68	389
68	468
68	233
68	421
68	455
69	161
69	293
69	515
69	141
69	205
69	397
69	340
69	236
69	487
69	360
69	346
69	364
70	53
70	286
70	191
70	241
70	117
70	398
70	96
71	194
71	172
71	399
71	92
71	78
71	409
71	48
71	209
71	249
71	10
71	163
71	314
71	62
71	386
71	87
71	119
71	262
71	492
71	21
71	74
71	309
71	334
71	38
71	285
72	81
72	381
72	281
72	345
72	385
72	73
72	188
72	388
72	460
72	29
72	75
72	355
72	392
72	514
72	525
72	319
72	270
72	149
72	347
72	77
72	244
72	413
72	185
72	481
72	370
72	208
72	426
72	59
72	121
72	315
72	254
72	507
72	158
72	211
72	196
72	452
72	134
72	24
72	156
72	274
72	277
72	453
72	213
72	52
72	124
72	100
72	135
73	77
73	254
73	315
73	120
73	484
73	72
73	121
73	382
74	309
74	249
74	172
74	490
74	197
74	409
74	180
74	119
74	291
74	262
74	66
74	71
74	163
74	352
74	209
74	369
74	10
74	87
74	399
74	48
74	285
74	337
74	38
75	466
75	270
75	277
75	385
75	481
75	507
75	281
75	463
75	453
75	72
75	52
75	457
75	354
75	413
75	392
75	355
75	426
75	135
75	503
75	363
75	158
76	472
76	95
76	120
76	380
76	488
76	388
76	232
76	300
76	438
76	30
76	195
76	313
76	501
76	199
76	322
76	426
76	32
76	167
76	35
77	72
77	132
77	355
77	121
77	213
77	457
77	423
77	324
77	300
77	235
77	287
77	270
77	96
77	282
77	73
77	466
77	461
77	81
77	331
77	453
77	380
78	389
78	99
78	169
78	91
78	360
78	430
78	71
78	486
78	83
78	299
78	321
78	142
79	359
79	489
79	508
79	181
79	7
80	161
80	51
80	364
80	417
80	236
80	351
80	522
80	22
80	205
80	397
80	470
80	192
80	383
80	483
80	251
80	123
80	299
80	108
80	389
80	321
80	271
80	170
80	94
80	176
80	387
80	198
80	111
80	234
80	238
80	54
80	84
80	169
80	441
80	143
80	391
80	200
80	494
80	292
80	415
80	360
81	514
81	132
81	121
81	413
81	77
81	158
81	388
81	270
81	26
81	72
82	204
82	476
82	259
82	214
82	45
82	47
82	455
82	128
82	389
82	440
82	146
82	178
82	89
83	142
83	6
83	410
83	4
83	504
83	67
83	434
83	389
83	317
83	78
83	241
83	151
83	198
83	321
83	17
83	99
84	251
84	459
84	397
84	299
84	205
84	292
84	360
84	266
84	123
84	169
84	170
84	80
84	63
84	234
84	271
84	111
84	51
84	143
84	389
84	94
84	364
84	161
84	391
84	494
84	415
84	417
84	200
84	54
84	351
84	108
84	176
84	383
85	272
85	42
85	320
85	513
85	269
85	136
85	475
85	395
85	530
85	396
85	144
85	239
85	31
85	318
85	265
85	335
86	236
86	527
86	116
86	62
86	231
86	248
86	190
86	92
86	36
87	401
87	21
87	291
87	433
87	71
87	424
87	116
87	248
87	273
87	297
87	302
87	92
87	464
87	138
87	180
87	236
87	62
87	157
87	50
87	285
87	478
87	339
87	358
87	386
87	48
87	58
87	230
87	194
87	518
87	163
87	173
87	330
87	269
87	504
87	362
87	119
87	492
87	38
87	155
87	399
87	249
87	375
87	390
87	74
87	36
87	314
87	276
87	190
87	334
87	122
87	162
87	262
87	64
87	409
87	394
87	183
87	10
88	6
88	340
88	157
88	506
88	241
88	487
88	534
88	429
89	128
89	455
89	204
89	159
89	259
89	178
89	45
89	440
89	82
89	389
89	476
89	146
89	214
90	423
90	101
90	49
90	188
90	166
90	329
90	331
90	210
90	347
90	167
90	134
90	343
90	463
90	149
90	34
91	67
91	142
91	299
91	215
91	256
91	241
91	106
91	401
91	317
91	78
91	430
91	190
91	247
91	443
91	504
91	161
91	238
91	138
91	220
91	8
91	284
91	518
91	400
91	410
91	129
91	446
91	524
91	5
91	341
91	117
91	296
91	116
91	61
91	526
91	506
92	138
92	399
92	37
92	276
92	86
92	334
92	21
92	129
92	248
92	249
92	194
92	409
92	419
92	10
92	109
92	285
92	422
92	155
92	41
92	330
92	87
92	125
92	119
92	262
92	314
92	38
92	164
92	390
92	71
93	410
93	271
93	54
93	94
93	459
93	397
93	487
93	16
93	494
93	266
93	108
93	123
93	360
93	522
93	111
93	176
93	236
93	63
93	169
93	483
93	364
93	346
94	176
94	161
94	487
94	415
94	108
94	63
94	483
94	397
94	80
94	111
94	266
94	141
94	54
94	205
94	292
94	271
94	251
94	245
94	18
94	351
94	391
94	494
94	93
94	51
94	170
94	192
94	169
94	364
94	360
94	125
94	84
94	123
94	299
94	383
94	417
95	528
95	76
95	457
95	25
95	232
95	35
95	195
95	30
95	34
95	179
95	319
95	11
95	426
95	338
95	472
95	501
95	503
95	166
95	120
95	289
95	388
95	199
95	493
95	463
95	466
95	134
95	313
95	26
95	300
95	354
95	322
95	512
95	167
95	32
96	117
96	286
96	53
96	77
96	237
96	482
96	70
97	226
97	505
97	420
97	56
97	115
97	332
97	112
97	14
98	328
98	484
98	187
98	363
98	182
98	512
98	175
98	101
98	388
98	34
98	338
98	488
98	130
98	65
99	321
99	389
99	33
99	296
99	238
99	356
99	198
99	6
99	486
99	504
99	434
99	83
99	67
99	78
100	388
100	101
100	493
100	72
100	384
100	177
100	438
100	34
100	319
100	179
100	322
100	269
100	25
100	130
100	354
100	182
100	331
100	463
100	65
100	158
100	134
100	370
101	384
101	65
101	258
101	98
101	100
101	382
101	34
101	484
101	188
101	423
101	210
101	438
101	90
101	380
101	343
101	149
101	166
101	319
102	246
102	226
102	9
102	189
102	171
102	479
102	372
102	243
102	115
102	290
103	458
103	444
103	228
104	39
104	425
104	414
104	474
104	193
104	428
104	9
104	13
104	305
104	133
104	160
104	431
104	107
104	221
104	469
104	449
104	379
104	301
104	288
105	382
105	452
105	447
105	254
105	461
105	242
105	287
105	149
105	148
106	8
106	241
106	220
106	257
106	161
106	183
106	256
106	522
106	311
106	410
106	358
106	401
106	527
106	5
106	91
106	341
106	46
106	296
106	37
106	6
106	57
106	231
106	248
106	400
106	238
106	524
106	389
106	16
106	518
106	122
106	129
106	321
106	443
107	469
107	431
107	104
107	449
107	39
107	425
107	221
107	305
107	160
107	193
107	288
108	483
108	522
108	161
108	459
108	397
108	496
108	271
108	109
108	222
108	383
108	169
108	377
108	111
108	292
108	193
108	200
108	266
108	236
108	251
108	63
108	54
108	487
108	176
108	364
108	84
108	125
108	351
108	360
108	94
108	93
108	80
108	411
109	170
109	108
109	141
109	92
109	496
109	41
109	63
109	37
109	416
110	368
110	445
110	336
110	238
111	46
111	346
111	261
111	143
111	389
111	411
111	192
111	487
111	459
111	8
111	41
111	207
111	383
111	499
111	108
111	441
111	494
111	6
111	123
111	390
111	241
111	57
111	524
111	296
111	400
111	142
111	292
111	266
111	205
111	248
111	285
111	176
111	198
111	16
111	470
111	215
111	360
111	349
111	161
111	18
111	84
111	236
111	238
111	80
111	251
111	169
111	151
111	448
111	415
111	410
111	518
111	317
111	446
111	61
111	37
111	267
111	364
111	351
111	299
111	67
111	387
111	397
111	170
111	316
111	527
111	141
111	125
111	483
111	17
111	22
111	293
111	94
111	54
111	417
111	218
111	93
111	522
111	245
111	63
111	19
111	401
111	404
112	14
112	9
112	420
112	505
112	189
112	97
112	243
112	451
112	115
112	495
112	56
112	519
112	371
112	226
112	145
113	336
113	248
113	309
113	241
113	311
113	62
113	340
113	506
113	193
113	257
113	20
113	114
114	454
114	504
114	225
114	465
114	299
114	113
114	61
115	462
115	189
115	102
115	226
115	97
115	56
115	372
115	150
115	374
115	14
115	246
115	112
115	132
115	420
116	524
116	118
116	358
116	527
116	506
116	236
116	429
116	62
116	138
116	4
116	231
116	5
116	198
116	91
116	87
116	248
116	86
116	190
117	96
117	53
117	286
117	482
117	517
117	70
117	62
117	91
118	190
118	443
118	236
118	138
118	389
118	116
119	478
119	339
119	399
119	163
119	164
119	424
119	21
119	273
119	10
119	492
119	74
119	394
119	291
119	36
119	285
119	87
119	334
119	314
119	362
119	209
119	330
119	269
119	262
119	227
119	194
119	129
119	48
119	386
119	71
119	38
119	249
119	92
120	528
120	472
120	30
120	95
120	289
120	35
120	76
120	501
120	40
120	244
120	11
120	322
120	73
120	388
120	199
120	32
120	127
120	313
120	512
120	355
121	512
121	363
121	156
121	315
121	165
121	77
121	370
121	338
121	158
121	169
121	81
121	182
121	73
121	328
121	149
121	388
121	29
121	319
121	72
122	252
122	527
122	106
122	87
122	248
122	257
122	58
122	377
122	410
122	5
122	176
122	190
123	207
123	387
123	364
123	200
123	415
123	397
123	292
123	383
123	293
123	161
123	234
123	351
123	417
123	299
123	192
123	205
123	494
123	360
123	94
123	22
123	80
123	54
123	84
123	176
123	111
123	266
123	251
123	139
123	169
123	93
124	385
124	370
124	355
124	72
124	300
124	426
124	282
124	438
124	329
124	481
124	208
124	158
124	514
124	59
124	460
124	211
124	463
124	354
124	501
124	347
124	29
124	319
124	507
124	413
124	149
124	388
124	185
124	213
124	423
124	525
124	427
124	466
124	134
124	503
124	343
124	353
124	274
125	94
125	323
125	141
125	138
125	54
125	441
125	51
125	111
125	500
125	448
125	487
125	108
125	397
125	169
125	390
125	28
125	92
125	483
125	293
125	491
125	245
125	459
125	27
125	192
125	434
125	364
126	255
126	389
127	313
127	498
127	300
127	484
127	384
127	177
127	5
127	520
127	35
127	120
127	169
127	501
127	363
128	45
128	440
128	178
128	476
128	204
128	259
128	89
128	146
128	455
128	47
128	159
128	82
128	214
128	389
129	220
129	248
129	303
129	91
129	411
129	247
129	518
129	106
129	524
129	119
129	389
129	231
129	443
129	504
129	92
129	430
130	282
130	242
130	384
130	435
130	100
130	244
130	254
130	187
130	380
130	484
130	134
130	98
130	65
130	25
130	363
130	182
131	317
131	202
131	43
132	341
132	286
132	517
132	53
132	226
132	77
132	115
132	81
133	301
133	160
133	104
133	193
133	39
133	414
133	288
133	431
133	305
133	221
133	474
133	425
133	469
134	319
134	423
134	158
134	471
134	384
134	182
134	26
134	354
134	124
134	378
134	210
134	130
134	166
134	347
134	72
134	503
134	179
134	325
134	402
134	472
134	393
134	343
134	370
134	95
134	90
134	463
134	100
134	529
134	34
134	488
134	188
134	50
134	244
134	329
135	481
135	270
135	29
135	363
135	463
135	156
135	457
135	525
135	72
135	426
135	24
135	158
135	503
135	355
135	466
135	392
135	52
135	75
135	277
135	244
135	507
135	381
135	354
135	269
135	385
136	85
136	456
136	144
136	265
136	31
136	530
136	513
136	272
136	395
136	335
136	320
136	239
136	521
136	396
136	318
136	475
137	426
137	269
137	277
137	52
137	381
137	270
137	355
138	190
138	118
138	54
138	358
138	522
138	411
138	434
138	91
138	92
138	19
138	459
138	266
138	176
138	236
138	87
138	487
138	448
138	141
138	397
138	116
138	125
139	200
139	434
139	161
139	207
139	323
139	205
139	387
139	123
139	448
139	170
139	176
139	141
139	293
139	389
140	429
140	236
141	271
141	142
141	346
141	387
141	170
141	207
141	417
141	111
141	360
141	138
141	459
141	19
141	415
141	351
141	69
141	139
141	483
141	222
141	397
141	383
141	94
141	169
141	161
141	28
141	389
141	234
141	434
141	125
141	494
141	63
141	522
141	487
141	448
141	109
141	266
141	8
141	176
141	317
141	293
141	54
141	205
142	248
142	161
142	284
142	176
142	241
142	401
142	410
142	67
142	78
142	499
142	22
142	141
142	389
142	190
142	4
142	504
142	341
142	207
142	518
142	430
142	5
142	169
142	494
142	151
142	91
142	317
142	17
142	183
142	400
142	198
142	220
142	215
142	257
142	524
142	61
142	443
142	256
142	303
142	500
142	446
142	16
142	238
142	387
142	358
142	434
142	111
142	486
142	83
142	360
142	174
142	296
143	364
143	397
143	84
143	234
143	299
143	176
143	351
143	198
143	494
143	293
143	434
143	169
143	383
143	417
143	389
143	80
143	161
143	111
143	387
143	205
143	415
143	247
143	292
144	42
144	265
144	239
144	318
144	395
144	396
144	335
144	475
144	31
144	513
144	272
144	530
144	320
144	85
144	136
145	14
145	112
145	56
145	243
145	150
145	15
145	462
145	451
146	178
146	128
146	455
146	89
146	259
146	159
146	82
146	214
146	45
146	47
146	440
147	313
147	11
148	319
148	426
148	32
148	384
148	60
148	165
148	105
148	30
148	488
149	503
149	453
149	274
149	450
149	385
149	124
149	329
149	355
149	460
149	282
149	158
149	484
149	101
149	208
149	281
149	185
149	254
149	461
149	24
149	59
149	211
149	34
149	380
149	319
149	423
149	182
149	105
149	525
149	325
149	457
149	392
149	354
149	481
149	378
149	196
149	531
149	507
149	345
149	427
149	343
149	324
149	529
149	90
149	370
149	72
149	121
149	353
149	463
150	243
150	115
150	14
150	56
150	145
150	420
150	505
151	257
151	261
151	111
151	238
151	83
151	41
151	317
151	22
151	389
151	494
151	398
151	3
151	16
151	20
151	215
151	17
151	321
151	504
151	256
151	169
151	6
151	46
151	410
151	4
151	67
151	296
151	360
151	487
151	349
151	198
151	527
151	326
151	248
151	275
151	142
151	400
151	358
151	357
151	241
151	61
151	446
151	161
151	57
152	337
152	260
152	327
152	523
152	516
152	520
152	352
152	219
152	206
152	66
152	344
152	477
152	44
152	490
152	309
152	369
153	386
153	419
153	21
154	157
155	394
155	276
155	92
155	424
155	269
155	194
155	164
155	500
155	230
155	478
155	291
155	227
155	317
155	302
155	285
155	87
155	464
155	375
155	419
155	278
155	180
155	173
155	10
155	201
155	21
155	273
156	381
156	457
156	385
156	52
156	121
156	270
156	355
156	392
156	277
156	158
156	72
156	29
156	244
156	481
156	354
156	413
156	507
156	135
157	406
157	87
157	448
157	88
157	191
157	241
157	154
157	445
157	534
157	5
157	473
157	4
158	325
158	149
158	11
158	188
158	72
158	343
158	503
158	52
158	481
158	196
158	274
158	213
158	463
158	100
158	166
158	300
158	121
158	392
158	370
158	347
158	282
158	507
158	75
158	354
158	378
158	270
158	124
158	281
158	135
158	413
158	319
158	211
158	134
158	277
158	329
158	244
158	156
158	199
158	29
158	81
158	59
158	388
158	24
158	426
158	488
158	355
159	178
159	389
159	214
159	47
159	259
159	128
159	146
159	89
159	455
159	45
159	440
160	193
160	133
160	425
160	221
160	474
160	104
160	301
160	469
160	288
160	414
160	107
160	305
160	39
161	341
161	446
161	397
161	139
161	69
161	234
161	84
161	340
161	483
161	284
161	19
161	28
161	387
161	248
161	415
161	499
161	293
161	80
161	487
161	441
161	241
161	251
161	67
161	417
161	123
161	169
161	299
161	323
161	236
161	238
161	91
161	18
161	434
161	142
161	410
161	351
161	518
161	346
161	176
161	292
161	17
161	360
161	106
161	296
161	141
161	222
161	391
161	151
161	459
161	200
161	522
161	54
161	205
161	111
161	389
161	250
161	494
161	317
161	198
161	383
161	400
161	168
161	437
161	527
161	192
161	257
161	170
161	349
161	108
161	358
161	16
161	94
161	61
161	504
161	143
161	311
161	470
161	245
161	22
161	266
161	207
161	364
161	63
161	256
161	8
162	87
162	10
163	409
163	119
163	71
163	74
163	249
163	262
163	48
163	492
163	87
163	38
164	227
164	10
164	64
164	478
164	409
164	330
164	269
164	362
164	230
164	285
164	173
164	334
164	464
164	201
164	92
164	291
164	394
164	194
164	314
164	119
164	276
164	375
164	180
164	424
164	419
164	273
164	297
164	21
164	302
164	278
164	155
164	36
165	121
165	148
165	384
165	177
165	8
165	418
166	101
166	34
166	26
166	134
166	378
166	188
166	329
166	463
166	382
166	95
166	347
166	169
166	210
166	90
166	438
166	30
166	158
166	423
166	384
166	343
167	426
167	199
167	30
167	95
167	40
167	388
167	528
167	331
167	26
167	32
167	322
167	501
167	76
167	300
167	195
167	90
168	397
168	161
168	387
168	351
168	236
168	205
168	317
168	19
169	17
169	410
169	123
169	182
169	205
169	170
169	251
169	364
169	499
169	470
169	40
169	143
169	426
169	93
169	141
169	22
169	125
169	236
169	161
169	387
169	459
169	349
169	360
169	111
169	30
169	80
169	166
169	472
169	293
169	121
169	94
169	317
169	63
169	331
169	389
169	67
169	198
169	192
169	296
169	417
169	241
169	142
169	483
169	404
169	16
169	108
169	46
169	210
169	284
169	200
169	299
169	446
169	397
169	78
169	400
169	418
169	504
169	351
169	151
169	127
169	238
169	176
169	522
169	292
169	494
169	54
169	415
169	518
169	28
169	84
169	35
169	222
169	18
169	471
169	411
170	271
170	20
170	109
170	389
170	236
170	161
170	54
170	383
170	504
170	364
170	299
170	397
170	251
170	293
170	317
170	494
170	139
170	200
170	80
170	437
170	483
170	205
170	141
170	84
170	417
170	351
170	360
170	387
170	266
170	94
170	234
170	176
170	292
170	18
170	169
170	346
170	434
170	111
171	307
171	226
171	102
171	290
172	74
172	309
172	71
172	209
172	490
172	44
172	262
173	297
173	302
173	10
173	273
173	180
173	291
173	155
173	478
173	87
173	21
173	424
173	258
173	276
173	419
173	164
173	464
173	269
173	285
174	61
174	410
174	443
174	183
174	311
174	67
174	4
174	358
174	303
174	16
174	5
174	317
174	17
174	518
174	494
174	284
174	389
174	504
174	434
174	198
174	340
174	524
174	142
174	22
174	256
174	499
175	406
175	445
175	509
175	340
175	534
175	333
175	294
175	223
175	325
175	238
175	484
175	224
175	506
175	98
176	108
176	296
176	28
176	383
176	389
176	401
176	483
176	200
176	236
176	57
176	470
176	299
176	170
176	84
176	397
176	364
176	19
176	527
176	161
176	459
176	94
176	122
176	141
176	360
176	143
176	522
176	41
176	111
176	198
176	63
176	169
176	80
176	410
176	417
176	434
176	205
176	293
176	377
176	323
176	404
176	494
176	487
176	411
176	415
176	448
176	346
176	139
176	142
176	123
176	54
176	351
176	37
176	16
176	138
176	51
176	93
177	493
177	426
177	127
177	100
177	370
177	319
177	396
177	30
177	237
177	320
177	325
177	165
177	452
177	501
177	395
177	450
177	497
177	384
178	47
178	82
178	389
178	204
178	214
178	476
178	89
178	440
178	128
178	455
178	259
178	146
178	159
178	45
179	501
179	100
179	25
179	384
179	95
179	457
179	216
179	319
179	134
180	74
180	164
180	66
180	155
180	478
180	194
180	10
180	424
180	375
180	394
180	64
180	269
180	228
180	87
180	337
180	302
180	201
180	173
180	464
181	79
181	475
181	203
181	7
181	263
181	359
181	279
181	403
181	407
181	489
181	212
182	100
182	244
182	384
182	452
182	30
182	282
182	210
182	354
182	426
182	315
182	65
182	380
182	98
182	389
182	435
182	319
182	254
182	488
182	338
182	169
182	484
182	149
182	134
182	130
182	287
182	363
182	382
182	49
182	300
182	187
182	121
182	393
183	190
183	524
183	410
183	248
183	358
183	61
183	174
183	17
183	22
183	106
183	87
183	256
183	142
183	527
183	198
183	430
183	296
183	311
183	401
184	321
184	526
184	437
185	353
185	463
185	370
185	281
185	72
185	124
185	274
185	277
185	427
185	213
185	457
185	325
185	149
185	525
185	211
186	4
186	253
186	418
186	3
186	20
186	358
186	248
186	459
186	61
186	284
187	435
187	34
187	363
187	182
187	488
187	130
187	282
187	484
187	254
187	98
187	380
188	423
188	463
188	72
188	370
188	347
188	503
188	158
188	343
188	34
188	319
188	329
188	90
188	134
188	210
188	166
188	378
188	101
188	354
189	112
189	374
189	115
189	102
189	15
189	56
189	462
189	420
189	226
189	14
189	243
189	505
189	366
190	401
190	116
190	296
190	46
190	91
190	87
190	183
190	284
190	238
190	389
190	443
190	504
190	256
190	17
190	142
190	518
190	231
190	248
190	317
190	220
190	430
190	400
190	86
190	61
190	241
190	494
190	358
190	524
190	236
190	122
190	67
190	138
190	198
190	118
190	533
190	410
191	157
191	70
191	534
191	406
191	473
191	398
191	3
192	80
192	111
192	205
192	125
192	94
192	51
192	169
192	245
192	383
192	266
192	292
192	54
192	161
192	351
192	200
192	123
192	271
192	364
193	469
193	108
193	321
193	449
193	13
193	518
193	104
193	133
193	301
193	379
193	431
193	160
193	107
193	428
193	414
193	305
193	425
193	474
193	113
193	39
193	288
193	221
194	330
194	399
194	291
194	10
194	87
194	269
194	302
194	464
194	424
194	38
194	164
194	375
194	297
194	339
194	36
194	285
194	433
194	314
194	262
194	478
194	409
194	394
194	180
194	21
194	276
194	119
194	64
194	155
194	532
194	201
194	71
194	419
194	62
194	273
194	230
194	92
195	76
195	26
195	35
195	95
195	300
195	501
195	30
195	167
195	40
195	11
195	199
195	388
196	347
196	392
196	213
196	353
196	274
196	460
196	149
196	72
196	158
197	283
197	348
197	352
197	475
197	74
198	16
198	430
198	161
198	364
198	183
198	303
198	151
198	83
198	99
198	46
198	417
198	174
198	401
198	527
198	321
198	67
198	111
198	518
198	8
198	241
198	357
198	215
198	50
198	6
198	22
198	284
198	17
198	317
198	218
198	248
198	524
198	220
198	61
198	387
198	504
198	434
198	142
198	410
198	499
198	169
198	4
198	80
198	5
198	349
198	358
198	251
198	238
198	257
198	116
198	485
198	441
198	143
198	256
198	176
198	494
198	231
198	446
198	383
198	190
198	400
198	311
198	389
198	360
198	296
199	32
199	528
199	120
199	493
199	40
199	11
199	472
199	501
199	26
199	95
199	35
199	512
199	30
199	76
199	388
199	313
199	195
199	300
199	322
199	167
199	158
200	364
200	161
200	176
200	80
200	293
200	205
200	139
200	397
200	234
200	483
200	108
200	266
200	494
200	192
200	487
200	351
200	292
200	250
200	391
200	169
200	389
200	123
200	360
200	170
200	84
200	504
201	464
201	394
201	478
201	424
201	362
201	419
201	155
201	291
201	285
201	10
201	164
201	180
201	297
201	269
201	302
201	375
201	230
201	314
201	21
201	194
201	273
201	64
201	276
201	330
202	131
202	317
202	43
202	223
203	279
203	475
203	403
203	359
203	212
203	489
203	407
203	181
203	508
203	7
204	178
204	214
204	455
204	389
204	45
204	82
204	259
204	89
204	47
204	440
204	128
205	360
205	346
205	123
205	387
205	483
205	54
205	293
205	169
205	143
205	383
205	84
205	69
205	251
205	139
205	266
205	415
205	364
205	176
205	271
205	299
205	296
205	391
205	397
205	292
205	16
205	80
205	441
205	323
205	351
205	111
205	168
205	234
205	417
205	192
205	94
205	200
205	494
205	207
205	170
205	141
205	161
206	219
206	523
206	66
206	477
206	260
206	516
206	490
206	152
206	464
207	139
207	205
207	223
207	20
207	299
207	123
207	18
207	111
207	494
207	41
207	293
207	161
207	397
207	142
207	340
207	141
207	417
207	292
207	487
207	16
207	387
207	222
208	282
208	460
208	507
208	481
208	370
208	466
208	211
208	281
208	149
208	453
208	244
208	452
208	274
208	24
208	392
208	213
208	413
208	385
208	427
208	72
208	355
208	531
208	124
209	262
209	48
209	74
209	409
209	71
209	172
209	119
209	38
209	249
209	309
209	10
209	399
210	166
210	497
210	34
210	188
210	25
210	182
210	90
210	402
210	101
210	169
210	325
210	347
210	423
210	11
210	343
210	134
210	244
211	282
211	158
211	59
211	149
211	72
211	208
211	525
211	319
211	185
211	507
211	370
211	213
211	274
211	324
211	124
211	481
212	475
212	279
212	359
212	203
212	489
212	7
212	181
213	208
213	319
213	481
213	270
213	211
213	77
213	124
213	324
213	158
213	370
213	274
213	59
213	376
213	185
213	72
213	196
213	460
213	282
213	24
213	353
214	159
214	204
214	128
214	259
214	82
214	178
214	476
214	89
214	47
214	45
214	455
214	389
214	146
214	440
215	5
215	17
215	389
215	383
215	443
215	296
215	387
215	400
215	311
215	46
215	434
215	247
215	22
215	238
215	142
215	430
215	494
215	410
215	67
215	441
215	198
215	111
215	317
215	486
215	43
215	504
215	415
215	151
215	91
215	61
215	241
216	240
216	32
216	229
216	179
216	384
216	55
217	283
217	475
217	350
218	261
218	267
218	22
218	316
218	111
218	389
218	364
218	383
218	494
218	198
218	487
219	337
219	260
219	66
219	520
219	523
219	352
219	344
219	516
219	44
219	152
219	490
219	477
219	206
219	309
220	389
220	256
220	91
220	400
220	317
220	504
220	198
220	106
220	486
220	190
220	524
220	443
220	247
220	401
220	231
220	311
220	142
220	129
220	248
220	241
220	296
221	449
221	104
221	288
221	305
221	425
221	414
221	193
221	133
221	379
221	107
221	301
221	160
222	19
222	522
222	141
222	54
222	387
222	360
222	63
222	108
222	169
222	346
222	317
222	161
222	207
222	293
222	448
223	534
223	175
223	333
223	506
223	340
223	207
223	445
223	202
223	487
224	427
224	406
224	175
224	341
224	336
225	465
225	454
225	299
225	504
225	114
226	307
226	9
226	189
226	112
226	372
226	171
226	374
226	132
226	246
226	115
226	97
226	14
226	56
226	420
226	462
226	102
227	10
227	419
227	276
227	291
227	155
227	119
227	532
227	164
227	302
227	297
227	21
227	478
227	273
228	490
228	260
228	337
228	180
228	458
228	103
228	516
228	66
228	475
229	488
229	216
229	240
229	55
229	384
230	291
230	273
230	164
230	155
230	478
230	194
230	201
230	87
231	116
231	296
231	106
231	256
231	443
231	459
231	518
231	61
231	524
231	401
231	247
231	504
231	46
231	248
231	198
231	220
231	86
231	190
231	298
231	430
231	411
231	129
232	32
232	388
232	76
232	95
232	30
232	322
232	512
232	35
232	300
232	501
233	68
233	468
233	389
233	264
233	421
233	373
234	389
234	504
234	205
234	266
234	200
234	383
234	364
234	80
234	143
234	170
234	293
234	351
234	123
234	84
234	437
234	494
234	415
234	250
234	141
234	161
234	251
235	439
235	329
235	514
235	65
235	380
235	77
235	354
235	331
236	111
236	63
236	299
236	397
236	459
236	161
236	41
236	168
236	358
236	404
236	518
236	494
236	248
236	86
236	364
236	346
236	140
236	448
236	69
236	434
236	487
236	485
236	87
236	176
236	62
236	118
236	18
236	108
236	116
236	54
236	429
236	28
236	411
236	266
236	410
236	522
236	496
236	37
236	170
236	93
236	271
236	138
236	190
236	80
236	169
236	483
237	20
237	96
237	177
238	410
238	110
238	317
238	400
238	169
238	80
238	46
238	17
238	311
238	445
238	321
238	406
238	443
238	5
238	389
238	256
238	518
238	349
238	142
238	161
238	534
238	494
238	67
238	296
238	99
238	198
238	215
238	91
238	151
238	175
238	504
238	106
238	111
238	241
238	190
238	257
238	22
239	513
239	396
239	144
239	42
239	272
239	85
239	395
239	335
239	320
239	318
239	31
239	456
239	136
240	384
240	216
240	55
240	229
241	142
241	6
241	157
241	400
241	524
241	257
241	151
241	190
241	248
241	499
241	4
241	88
241	275
241	487
241	494
241	20
241	256
241	198
241	398
241	161
241	445
241	261
241	518
241	504
241	296
241	17
241	215
241	317
241	360
241	106
241	113
241	111
241	70
241	358
241	67
241	220
241	406
241	46
241	5
241	410
241	16
241	238
241	349
241	387
241	62
241	83
241	169
241	22
241	91
242	352
242	130
242	10
242	105
243	451
243	420
243	189
243	150
243	519
243	15
243	145
243	495
243	462
243	112
243	102
243	366
244	65
244	481
244	363
244	511
244	29
244	134
244	427
244	426
244	120
244	158
244	182
244	32
244	525
244	52
244	135
244	488
244	281
244	72
244	392
244	507
244	59
244	277
244	274
244	208
244	457
244	254
244	156
244	355
244	130
244	514
244	270
244	435
244	34
244	402
244	381
244	210
244	389
244	30
244	452
244	466
244	385
244	439
245	351
245	125
245	271
245	192
245	364
245	94
245	51
245	111
245	161
246	372
246	226
246	56
246	505
246	15
246	115
246	102
246	374
247	443
247	256
247	129
247	91
247	351
247	504
247	401
247	389
247	220
247	434
247	524
247	231
247	317
247	500
247	215
247	143
248	198
248	151
248	518
248	183
248	494
248	190
248	186
248	524
248	113
248	303
248	241
248	62
248	296
248	261
248	129
248	111
248	400
248	434
248	298
248	411
248	37
248	92
248	8
248	5
248	231
248	429
248	61
248	122
248	4
248	443
248	430
248	389
248	220
248	142
248	17
248	50
248	106
248	284
248	87
248	483
248	311
248	390
248	41
248	527
248	257
248	236
248	57
248	16
248	387
248	522
248	459
248	358
248	266
248	46
248	116
248	401
248	377
248	86
248	161
248	58
248	410
248	256
248	341
248	504
248	317
248	67
249	409
249	74
249	262
249	38
249	119
249	399
249	163
249	209
249	92
249	71
249	48
249	87
249	21
249	10
250	234
250	161
250	200
251	323
251	84
251	441
251	123
251	293
251	415
251	364
251	108
251	80
251	266
251	205
251	383
251	94
251	483
251	397
251	292
251	22
251	170
251	54
251	299
251	522
251	389
251	234
251	61
251	198
251	494
251	360
251	169
251	351
251	417
251	161
251	111
252	122
253	186
253	284
254	72
254	452
254	435
254	105
254	502
254	484
254	426
254	182
254	329
254	49
254	380
254	65
254	363
254	187
254	73
254	60
254	511
254	244
254	427
254	343
254	319
254	149
254	130
254	423
254	342
255	389
255	126
256	231
256	296
256	151
256	238
256	190
256	67
256	389
256	198
256	22
256	247
256	46
256	494
256	400
256	5
256	61
256	17
256	443
256	183
256	504
256	524
256	91
256	275
256	317
256	241
256	284
256	248
256	518
256	174
256	410
256	358
256	257
256	220
256	106
256	142
256	161
256	434
256	430
257	46
257	198
257	410
257	400
257	404
257	16
257	504
257	22
257	494
257	317
257	20
257	161
257	248
257	142
257	106
257	122
257	256
257	57
257	241
257	151
257	238
257	17
257	397
257	113
257	6
257	296
257	527
257	526
258	376
258	101
258	173
258	424
259	389
259	128
259	476
259	455
259	178
259	89
259	82
259	45
259	159
259	440
259	47
259	214
259	146
259	204
260	152
260	523
260	337
260	206
260	228
260	477
260	66
260	516
260	44
260	309
260	219
260	344
260	352
260	490
261	389
261	8
261	61
261	58
261	16
261	401
261	111
261	218
261	151
261	390
261	527
261	22
261	358
261	317
261	383
261	241
261	494
261	441
261	415
261	248
262	409
262	10
262	249
262	209
262	309
262	194
262	399
262	48
262	92
262	163
262	87
262	291
262	74
262	71
262	38
262	172
262	119
263	7
263	181
264	389
264	468
264	373
264	68
264	233
264	421
265	335
265	521
265	396
265	320
265	144
265	513
265	467
265	530
265	31
265	85
265	42
265	318
265	395
265	136
266	192
266	459
266	161
266	299
266	389
266	434
266	108
266	293
266	37
266	123
266	448
266	248
266	494
266	41
266	383
266	111
266	234
266	236
266	54
266	205
266	141
266	364
266	404
266	251
266	284
266	351
266	170
266	522
266	391
266	504
266	138
266	397
266	94
266	84
266	93
266	360
266	200
267	8
267	218
267	527
267	494
267	459
267	111
267	22
267	316
267	401
267	483
267	390
267	389
267	23
267	524
268	448
269	464
269	463
269	164
269	277
269	481
269	276
269	378
269	424
269	10
269	155
269	52
269	362
269	320
269	100
269	302
269	180
269	355
269	394
269	354
269	135
269	119
269	324
269	29
269	478
269	270
269	426
269	194
269	173
269	87
269	385
269	285
269	201
269	60
269	381
269	137
269	85
269	64
270	363
270	426
270	427
270	156
270	355
270	72
270	137
270	354
270	381
270	269
270	135
270	81
270	481
270	29
270	392
270	75
270	457
270	52
270	77
270	213
270	244
270	463
270	277
270	158
271	94
271	54
271	245
271	108
271	170
271	448
271	93
271	205
271	292
271	397
271	192
271	141
271	293
271	63
271	487
271	317
271	346
271	470
271	387
271	80
271	299
271	236
271	84
272	335
272	31
272	144
272	513
272	318
272	136
272	42
272	475
272	395
272	85
272	396
272	320
272	530
272	239
273	276
273	201
273	478
273	291
273	285
273	330
273	230
273	424
273	21
273	194
273	119
273	164
273	314
273	302
273	155
273	278
273	87
273	10
273	464
273	36
273	394
273	297
273	173
273	419
273	227
274	355
274	481
274	213
274	59
274	319
274	370
274	427
274	525
274	453
274	185
274	211
274	52
274	196
274	281
274	149
274	460
274	438
274	24
274	244
274	208
274	353
274	282
274	385
274	507
274	158
274	124
274	345
274	72
275	256
275	241
275	494
275	151
275	397
275	296
275	57
276	10
276	201
276	227
276	419
276	297
276	314
276	394
276	194
276	278
276	478
276	464
276	64
276	273
276	424
276	92
276	87
276	362
276	155
276	269
276	285
276	164
276	21
276	302
276	291
276	173
277	427
277	72
277	135
277	185
277	463
277	382
277	244
277	29
277	481
277	363
277	158
277	52
277	75
277	381
277	392
277	388
277	269
277	457
277	426
277	355
277	507
277	137
277	354
277	270
277	156
278	164
278	302
278	276
278	375
278	155
278	478
278	394
278	64
278	464
278	21
278	273
278	10
278	424
279	181
279	489
279	203
279	359
279	7
279	212
280	389
280	306
281	149
281	158
281	481
281	427
281	385
281	319
281	72
281	24
281	457
281	353
281	354
281	507
281	244
281	392
281	274
281	525
281	460
281	453
281	208
281	503
281	185
281	370
281	34
281	75
281	463
281	381
282	77
282	158
282	149
282	211
282	182
282	274
282	452
282	65
282	507
282	213
282	331
282	325
282	24
282	59
282	124
282	481
282	319
282	187
282	130
282	208
282	484
282	370
283	312
283	310
283	362
283	348
283	197
283	350
283	480
283	217
283	475
284	358
284	303
284	524
284	317
284	174
284	430
284	186
284	61
284	266
284	142
284	198
284	248
284	5
284	504
284	17
284	434
284	169
284	389
284	357
284	494
284	415
284	161
284	417
284	4
284	253
284	190
284	91
284	67
284	256
285	433
285	74
285	155
285	314
285	269
285	334
285	419
285	362
285	276
285	173
285	119
285	10
285	464
285	339
285	194
285	475
285	71
285	201
285	302
285	92
285	386
285	478
285	164
285	64
285	62
285	409
285	273
285	21
285	87
285	111
285	394
285	291
286	96
286	53
286	132
286	70
286	117
286	517
286	1
287	182
287	30
287	77
287	105
287	49
288	160
288	431
288	39
288	469
288	221
288	474
288	104
288	133
288	379
288	425
288	193
288	449
288	301
288	107
288	13
288	414
288	305
288	428
289	528
289	466
289	313
289	26
289	32
289	120
289	501
289	388
289	418
289	300
289	35
289	30
289	512
289	95
290	505
290	332
290	307
290	171
290	102
291	74
291	173
291	230
291	394
291	10
291	227
291	155
291	419
291	314
291	297
291	87
291	194
291	119
291	330
291	64
291	375
291	276
291	464
291	424
291	302
291	285
291	273
291	164
291	21
291	262
291	478
291	201
292	80
292	200
292	299
292	123
292	360
292	94
292	54
292	18
292	391
292	483
292	293
292	271
292	169
292	84
292	207
292	351
292	364
292	470
292	143
292	108
292	192
292	205
292	251
292	383
292	161
292	170
292	111
293	123
293	207
293	251
293	222
293	346
293	200
293	323
293	54
293	111
293	139
293	234
293	205
293	169
293	448
293	415
293	434
293	494
293	161
293	417
293	360
293	141
293	470
293	351
293	125
293	18
293	292
293	143
293	383
293	483
293	170
293	459
293	441
293	298
293	522
293	266
293	271
293	364
293	69
293	176
294	175
295	510
295	418
296	321
296	434
296	504
296	275
296	248
296	61
296	400
296	360
296	205
296	238
296	518
296	17
296	441
296	241
296	494
296	46
296	8
296	99
296	389
296	231
296	215
296	527
296	183
296	256
296	410
296	257
296	349
296	22
296	190
296	106
296	142
296	169
296	317
296	67
296	176
296	198
296	111
296	91
296	16
296	151
296	430
296	524
296	383
296	161
296	299
296	6
296	486
296	220
297	10
297	87
297	314
297	273
297	291
297	173
297	164
297	201
297	194
297	302
297	478
297	424
297	276
297	227
297	21
298	231
298	390
298	346
298	389
298	248
298	524
298	293
298	401
298	494
298	504
298	430
299	522
299	16
299	292
299	111
299	236
299	430
299	271
299	54
299	383
299	170
299	94
299	360
299	18
299	417
299	207
299	251
299	123
299	351
299	415
299	205
299	225
299	17
299	176
299	296
299	494
299	266
299	78
299	80
299	84
299	169
299	364
299	161
299	397
299	487
299	91
299	143
299	441
299	114
300	30
300	158
300	76
300	32
300	95
300	322
300	232
300	472
300	289
300	127
300	195
300	313
300	493
300	315
300	167
300	35
300	388
300	501
300	343
300	77
300	512
300	416
300	528
300	124
300	40
300	182
300	11
300	199
300	380
301	221
301	469
301	428
301	39
301	431
301	449
301	288
301	160
301	425
301	193
301	379
301	305
301	104
301	133
302	201
302	87
302	10
302	297
302	21
302	164
302	194
302	180
302	64
302	375
302	532
302	464
302	173
302	269
302	155
302	419
302	422
302	291
302	227
302	424
302	278
302	478
302	285
302	394
302	273
302	276
303	341
303	411
303	67
303	358
303	522
303	389
303	248
303	129
303	494
303	198
303	5
303	174
303	410
303	504
303	142
303	434
303	284
304	408
304	510
304	12
304	418
305	193
305	474
305	107
305	160
305	428
305	39
305	104
305	379
305	221
305	469
305	414
305	301
305	431
305	13
305	449
305	425
305	288
305	133
306	389
306	280
307	505
307	171
307	226
307	372
307	290
308	405
309	71
309	219
309	44
309	352
309	152
309	66
309	74
309	523
309	477
309	113
309	344
309	369
309	172
309	260
309	337
309	327
309	490
309	209
309	262
309	520
309	516
310	312
310	283
310	350
310	475
310	480
311	161
311	220
311	389
311	317
311	113
311	238
311	356
311	340
311	183
311	504
311	441
311	215
311	22
311	358
311	527
311	434
311	198
311	61
311	494
311	390
311	248
311	62
311	5
311	174
311	506
311	410
311	106
311	524
312	283
312	350
312	310
312	480
312	348
313	388
313	501
313	127
313	528
313	289
313	147
313	493
313	322
313	300
313	120
313	11
313	95
313	472
313	35
313	199
313	325
313	76
313	26
314	87
314	339
314	464
314	394
314	10
314	276
314	119
314	433
314	291
314	478
314	409
314	92
314	164
314	71
314	334
314	201
314	285
314	194
314	424
314	21
314	297
314	273
314	362
314	36
315	300
315	72
315	484
315	49
315	121
315	182
315	73
316	483
316	267
316	111
316	8
316	218
316	527
316	389
317	333
317	261
317	17
317	141
317	58
317	241
317	28
317	238
317	161
317	190
317	174
317	5
317	346
317	311
317	504
317	524
317	358
317	383
317	387
317	142
317	22
317	284
317	434
317	271
317	499
317	202
317	443
317	43
317	111
317	215
317	500
317	83
317	222
317	486
317	360
317	446
317	389
317	131
317	198
317	151
317	494
317	67
317	410
317	170
317	248
317	256
317	247
317	400
317	16
317	169
317	46
317	296
317	257
317	441
317	155
317	91
317	518
317	61
317	220
317	168
318	395
318	396
318	239
318	85
318	272
318	31
318	513
318	530
318	456
318	42
318	335
318	265
318	320
318	136
318	144
318	475
319	325
319	370
319	392
319	177
319	493
319	501
319	413
319	211
319	134
319	354
319	100
319	121
319	274
319	282
319	25
319	463
319	329
319	72
319	124
319	281
319	322
319	481
319	503
319	158
319	101
319	384
319	347
319	179
319	188
319	343
319	148
319	338
319	95
319	65
319	34
319	525
319	507
319	388
319	378
319	254
319	182
319	213
319	149
320	136
320	265
320	85
320	31
320	513
320	530
320	475
320	239
320	335
320	177
320	272
320	395
320	396
320	144
320	269
320	42
320	521
320	318
321	193
321	67
321	518
321	238
321	151
321	198
321	184
321	80
321	99
321	389
321	78
321	106
321	296
321	6
321	504
321	83
322	30
322	232
322	35
322	76
322	528
322	388
322	95
322	313
322	26
322	512
322	199
322	40
322	501
322	472
322	167
322	120
322	32
322	100
322	319
322	300
323	125
323	459
323	487
323	28
323	491
323	161
323	360
323	251
323	441
323	176
323	383
323	364
323	293
323	205
323	139
323	22
324	359
324	354
324	211
324	149
324	77
324	370
324	481
324	25
324	213
324	343
324	269
325	319
325	370
325	30
325	282
325	484
325	35
325	40
325	313
325	210
325	393
325	438
325	528
325	185
325	452
325	65
325	328
325	177
325	175
325	472
325	134
325	34
325	488
325	378
325	380
325	354
325	149
325	158
325	384
326	487
326	389
326	151
327	337
327	309
327	369
327	44
327	66
327	352
327	152
327	490
327	520
328	36
328	343
328	98
328	363
328	514
328	121
328	484
328	325
328	388
329	501
329	235
329	354
329	423
329	134
329	503
329	26
329	254
329	331
329	378
329	90
329	347
329	343
329	166
329	188
329	124
329	370
329	158
329	471
329	463
329	319
329	149
330	532
330	339
330	291
330	92
330	119
330	87
330	164
330	36
330	21
330	201
330	194
330	273
331	329
331	167
331	235
331	169
331	77
331	25
331	90
331	100
331	282
332	512
332	97
332	290
332	413
332	56
332	505
333	223
333	506
333	406
333	175
333	524
333	317
333	340
334	71
334	285
334	339
334	119
334	362
334	164
334	21
334	10
334	409
334	92
334	87
334	314
334	36
335	467
335	320
335	144
335	239
335	272
335	265
335	396
335	513
335	530
335	31
335	136
335	318
335	456
335	42
335	395
335	475
335	85
336	110
336	20
336	509
336	224
336	113
336	452
336	62
336	406
337	516
337	152
337	260
337	344
337	66
337	520
337	477
337	219
337	352
337	490
337	327
337	309
337	44
337	369
337	180
337	74
337	228
337	523
338	363
338	30
338	388
338	95
338	182
338	319
338	34
338	98
338	121
339	433
339	36
339	334
339	21
339	386
339	314
339	194
339	87
339	119
339	285
339	330
339	10
340	223
340	429
340	333
340	207
340	69
340	497
340	174
340	161
340	88
340	534
340	20
340	487
340	113
340	311
340	175
340	16
340	494
340	4
341	527
341	161
341	248
341	303
341	486
341	132
341	106
341	401
341	91
341	224
341	142
341	522
341	410
341	8
341	434
342	254
342	502
342	382
343	124
343	347
343	503
343	254
343	501
343	25
343	438
343	49
343	26
343	188
343	300
343	328
343	378
343	34
343	324
343	463
343	423
343	319
343	484
343	134
343	354
343	158
343	90
343	370
343	210
343	395
343	166
343	329
343	101
343	149
343	488
344	309
344	66
344	337
344	44
344	490
344	369
344	516
344	352
344	219
344	152
344	260
344	477
345	529
345	72
345	32
345	6
345	149
345	354
345	392
345	453
345	503
345	463
345	274
346	298
346	417
346	170
346	141
346	271
346	111
346	176
346	236
346	293
346	222
346	415
346	161
346	360
346	205
346	317
346	69
346	93
346	522
347	26
347	210
347	381
347	90
347	329
347	457
347	370
347	503
347	501
347	134
347	343
347	196
347	319
347	158
347	188
347	463
347	354
347	72
347	166
347	124
348	312
348	480
348	283
348	197
349	57
349	151
349	400
349	17
349	241
349	198
349	238
349	161
349	296
349	169
349	111
350	367
350	310
350	475
350	283
350	217
350	312
350	480
351	54
351	397
351	143
351	387
351	84
351	63
351	205
351	383
351	441
351	251
351	111
351	360
351	292
351	299
351	470
351	123
351	108
351	415
351	364
351	293
351	494
351	200
351	389
351	417
351	168
351	245
351	410
351	161
351	483
351	176
351	247
351	94
351	391
351	51
351	234
351	18
351	266
351	169
351	192
351	141
351	404
351	170
351	459
351	80
352	152
352	520
352	10
352	490
352	44
352	344
352	242
352	66
352	327
352	516
352	369
352	309
352	219
352	74
352	337
352	260
352	523
352	458
352	197
352	477
353	24
353	274
353	213
353	149
353	59
353	281
353	439
353	507
353	124
353	481
353	525
353	185
353	381
353	196
354	507
354	384
354	75
354	423
354	29
354	481
354	277
354	65
354	24
354	343
354	135
354	25
354	503
354	158
354	347
354	319
354	124
354	156
354	378
354	488
354	269
354	329
354	457
354	235
354	392
354	355
354	531
354	427
354	281
354	363
354	95
354	49
354	324
354	188
354	385
354	453
354	381
354	52
354	100
354	529
354	149
354	463
354	345
354	182
354	370
354	325
354	134
354	270
355	135
355	426
355	471
355	149
355	72
355	29
355	75
355	503
355	120
355	466
355	208
355	269
355	124
355	427
355	392
355	525
355	460
355	158
355	457
355	244
355	354
355	156
355	270
355	77
355	481
355	52
355	381
355	463
355	137
355	385
355	413
355	277
355	507
355	274
356	311
356	486
356	389
356	99
357	36
357	284
357	151
357	506
357	198
357	67
357	17
357	410
357	61
357	358
358	4
358	303
358	284
358	494
358	443
358	87
358	311
358	106
358	429
358	198
358	261
358	138
358	67
358	61
358	8
358	401
358	183
358	57
358	357
358	22
358	186
358	142
358	389
358	524
358	518
358	248
358	190
358	17
358	5
358	410
358	236
358	3
358	527
358	317
358	241
358	151
358	256
358	174
358	116
358	504
358	161
358	16
359	203
359	324
359	403
359	181
359	7
359	489
359	46
359	279
359	79
359	407
359	508
359	475
359	212
360	108
360	84
360	470
360	222
360	67
360	198
360	410
360	299
360	364
360	518
360	69
360	351
360	317
360	241
360	389
360	346
360	141
360	323
360	78
360	111
360	494
360	205
360	94
360	22
360	16
360	293
360	169
360	483
360	500
360	170
360	397
360	54
360	499
360	296
360	80
360	251
360	292
360	266
360	93
360	17
360	142
360	200
360	176
360	123
360	151
360	383
360	28
360	161
361	442
361	478
362	269
362	21
362	314
362	394
362	87
362	164
362	119
362	478
362	285
362	276
362	334
362	464
362	283
362	201
362	10
363	254
363	135
363	244
363	270
363	328
363	277
363	463
363	52
363	182
363	380
363	338
363	130
363	426
363	354
363	75
363	127
363	187
363	98
363	447
363	121
364	441
364	293
364	176
364	234
364	161
364	205
364	108
364	218
364	80
364	251
364	123
364	459
364	360
364	483
364	266
364	111
364	16
364	169
364	200
364	323
364	299
364	94
364	236
364	69
364	93
364	397
364	125
364	404
364	22
364	51
364	245
364	415
364	487
364	170
364	292
364	389
364	198
364	417
364	18
364	84
364	192
364	351
364	383
364	54
364	143
364	63
364	470
364	494
365	8
365	17
365	506
365	473
366	519
366	243
366	451
366	462
366	189
367	350
368	110
369	444
369	516
369	458
369	344
369	352
369	327
369	337
369	66
369	152
369	490
369	74
369	477
369	44
369	309
369	42
370	354
370	208
370	507
370	121
370	24
370	213
370	343
370	185
370	188
370	281
370	274
370	100
370	463
370	34
370	134
370	124
370	149
370	211
370	329
370	438
370	158
370	282
370	319
370	481
370	177
370	392
370	413
370	72
370	59
370	324
370	347
370	503
370	325
370	453
371	112
371	505
372	115
372	307
372	226
372	102
372	246
372	25
373	389
373	233
373	421
373	68
373	468
373	264
374	226
374	115
374	14
374	505
374	246
374	56
374	189
375	464
375	201
375	478
375	164
375	278
375	291
375	424
375	180
375	394
375	21
375	194
375	87
375	155
375	302
376	213
376	258
377	176
377	50
377	401
377	122
377	410
377	108
377	51
377	62
377	527
377	248
377	390
378	423
378	149
378	269
378	325
378	354
378	343
378	188
378	158
378	166
378	319
378	453
378	329
378	134
379	288
379	39
379	469
379	193
379	425
379	104
379	305
379	301
379	431
379	474
379	221
379	13
380	235
380	435
380	77
380	388
380	76
380	363
380	101
380	484
380	463
380	490
380	187
380	49
380	149
380	254
380	300
380	325
380	130
380	503
380	438
380	65
380	393
380	182
380	32
380	384
380	488
381	392
381	507
381	426
381	427
381	269
381	457
381	355
381	281
381	29
381	137
381	531
381	270
381	354
381	353
381	481
381	135
381	52
381	24
381	525
381	244
381	156
381	72
381	466
381	277
381	453
381	413
381	463
381	347
381	385
382	182
382	73
382	105
382	101
382	277
382	30
382	484
382	512
382	34
382	40
382	502
382	342
382	166
383	61
383	192
383	266
383	176
383	441
383	351
383	84
383	261
383	108
383	63
383	215
383	143
383	323
383	218
383	94
383	390
383	292
383	234
383	360
383	483
383	67
383	317
383	251
383	80
383	123
383	415
383	494
383	522
383	54
383	141
383	299
383	28
383	293
383	22
383	296
383	205
383	434
383	397
383	111
383	19
383	161
383	198
383	470
383	430
383	364
383	417
383	170
383	459
383	389
384	134
384	402
384	488
384	216
384	179
384	148
384	25
384	55
384	319
384	380
384	484
384	127
384	165
384	177
384	35
384	354
384	240
384	229
384	130
384	182
384	65
384	166
384	101
384	100
384	450
384	325
385	426
385	453
385	447
385	281
385	274
385	354
385	29
385	392
385	503
385	135
385	269
385	463
385	525
385	149
385	466
385	507
385	381
385	244
385	124
385	52
385	355
385	514
385	531
385	208
385	156
385	34
385	75
385	457
385	481
385	427
385	72
386	71
386	87
386	21
386	339
386	285
386	153
386	119
387	170
387	139
387	215
387	417
387	317
387	207
387	141
387	16
387	494
387	271
387	351
387	241
387	248
387	198
387	80
387	222
387	143
387	397
387	168
387	111
387	142
387	161
387	205
387	123
387	522
387	41
387	169
388	167
388	277
388	300
388	313
388	232
388	98
388	501
388	380
388	65
388	95
388	322
388	26
388	472
388	199
388	72
388	81
388	76
388	338
388	328
388	195
388	120
388	40
388	457
388	11
388	402
388	121
388	35
388	319
388	124
388	100
388	158
388	528
388	32
388	289
388	30
388	512
389	373
389	23
389	415
389	170
389	527
389	391
389	129
389	417
389	204
389	178
389	303
389	351
389	220
389	67
389	68
389	46
389	470
389	143
389	437
389	266
389	317
389	522
389	139
389	234
389	54
389	233
389	524
389	176
389	455
389	111
389	190
389	214
389	78
389	487
389	16
389	306
389	99
389	118
389	518
389	326
389	238
389	33
389	151
389	47
389	256
389	200
389	358
389	483
389	61
389	126
389	215
389	401
389	499
389	364
389	198
389	17
389	142
389	410
389	356
389	5
389	22
389	383
389	128
389	475
389	526
389	468
389	174
389	459
389	45
389	255
389	159
389	251
389	280
389	89
389	390
389	244
389	141
389	298
389	440
389	443
389	316
389	513
389	261
389	80
389	83
389	247
389	82
389	311
389	421
389	476
389	161
389	169
389	296
389	284
389	430
389	400
389	106
389	267
389	360
389	264
389	182
389	321
389	248
389	504
389	259
389	218
389	84
390	389
390	261
390	62
390	524
390	311
390	441
390	383
390	410
390	27
390	61
390	248
390	87
390	377
390	125
390	494
390	23
390	401
390	111
390	92
390	267
390	50
390	22
390	298
390	527
391	161
391	80
391	48
391	84
391	200
391	389
391	266
391	292
391	351
391	94
391	205
392	531
392	525
392	503
392	481
392	426
392	156
392	466
392	281
392	149
392	453
392	463
392	381
392	75
392	208
392	52
392	385
392	354
392	355
392	72
392	196
392	529
392	319
392	158
392	345
392	135
392	507
392	244
392	457
392	277
392	270
392	370
393	325
393	380
393	438
393	182
393	65
393	134
394	302
394	409
394	87
394	464
394	64
394	362
394	269
394	164
394	201
394	375
394	285
394	194
394	180
394	478
394	314
394	419
394	10
394	21
394	424
394	278
394	119
394	276
394	273
394	155
394	291
395	318
395	239
395	31
395	42
395	343
395	450
395	144
395	396
395	456
395	272
395	530
395	177
395	513
395	85
395	136
395	520
395	335
395	467
395	320
395	475
395	265
396	530
396	272
396	335
396	513
396	42
396	144
396	320
396	265
396	177
396	318
396	31
396	136
396	395
396	475
396	239
396	85
397	364
397	459
397	84
397	500
397	80
397	41
397	16
397	161
397	383
397	170
397	123
397	143
397	205
397	487
397	94
397	251
397	17
397	168
397	434
397	494
397	417
397	483
397	496
397	499
397	141
397	200
397	410
397	93
397	19
397	448
397	527
397	257
397	108
397	125
397	236
397	111
397	275
397	57
397	404
397	207
397	360
397	522
397	299
397	51
397	28
397	18
397	387
397	37
397	351
397	169
397	266
397	138
397	411
397	69
397	441
397	491
397	176
397	54
397	63
397	271
398	241
398	151
398	191
398	70
399	87
399	38
399	92
399	209
399	119
399	71
399	262
399	194
399	74
399	409
399	249
400	256
400	106
400	410
400	22
400	504
400	257
400	16
400	296
400	151
400	17
400	389
400	486
400	58
400	220
400	241
400	317
400	111
400	248
400	67
400	142
400	518
400	198
400	46
400	506
400	161
400	494
400	169
400	215
400	349
400	238
400	91
400	190
401	22
401	390
401	358
401	524
401	231
401	190
401	106
401	111
401	389
401	91
401	527
401	261
401	8
401	41
401	465
401	57
401	61
401	486
401	298
401	50
401	341
401	522
401	434
401	142
401	176
401	377
401	198
401	220
401	247
401	183
401	504
401	430
401	443
401	410
401	87
401	6
401	494
401	248
401	267
401	67
402	65
402	484
402	388
402	210
402	134
402	244
402	384
403	181
403	359
403	203
403	407
404	54
404	522
404	459
404	37
404	41
404	257
404	51
404	236
404	111
404	410
404	351
404	266
404	169
404	16
404	397
404	448
404	57
404	176
404	364
405	308
406	191
406	157
406	241
406	336
406	175
406	509
406	238
406	534
406	333
406	473
406	43
406	224
407	181
407	475
407	359
407	403
407	203
408	418
408	304
408	461
408	12
409	334
409	48
409	74
409	10
409	71
409	194
409	38
409	262
409	249
409	314
409	21
409	285
409	87
409	399
409	209
409	164
409	394
409	92
409	163
410	357
410	404
410	524
410	106
410	494
410	37
410	176
410	67
410	111
410	360
410	238
410	257
410	22
410	215
410	397
410	83
410	236
410	57
410	522
410	527
410	122
410	61
410	499
410	174
410	17
410	303
410	16
410	358
410	311
410	341
410	183
410	256
410	198
410	434
410	504
410	6
410	401
410	8
410	93
410	446
410	169
410	389
410	91
410	430
410	248
410	142
410	400
410	161
410	296
410	5
410	351
410	241
410	151
410	190
410	390
410	317
410	377
410	41
411	41
411	397
411	248
411	129
411	231
411	111
411	236
411	483
411	108
411	169
411	443
411	430
411	138
411	434
411	527
411	459
411	303
411	37
411	63
411	176
411	522
412	475
413	370
413	52
413	332
413	355
413	381
413	208
413	75
413	156
413	124
413	531
413	72
413	158
413	319
413	81
414	221
414	193
414	425
414	104
414	474
414	133
414	288
414	39
414	160
414	305
415	389
415	22
415	251
415	176
415	94
415	111
415	169
415	299
415	284
415	470
415	141
415	383
415	351
415	417
415	205
415	293
415	487
415	80
415	123
415	441
415	215
415	261
415	84
415	494
415	161
415	346
415	54
415	143
415	483
415	234
415	364
416	11
416	427
416	418
416	300
416	109
417	94
417	459
417	415
417	18
417	383
417	299
417	111
417	346
417	161
417	143
417	389
417	522
417	84
417	198
417	176
417	364
417	441
417	80
417	487
417	54
417	387
417	251
417	351
417	141
417	169
417	170
417	284
417	397
417	123
417	61
417	293
417	205
417	470
417	207
417	16
417	494
418	510
418	62
418	20
418	295
418	29
418	416
418	461
418	289
418	186
418	1
418	408
418	169
418	165
418	12
418	304
419	285
419	201
419	273
419	173
419	394
419	21
419	424
419	64
419	153
419	291
419	276
419	478
419	302
419	155
419	194
419	92
419	164
419	227
420	115
420	226
420	56
420	451
420	189
420	14
420	97
420	150
420	112
420	243
421	68
421	389
421	233
421	468
421	373
421	264
422	92
422	10
422	302
423	329
423	90
423	210
423	378
423	503
423	34
423	149
423	343
423	188
423	134
423	463
423	438
423	124
423	254
423	101
423	354
423	166
423	77
424	164
424	119
424	173
424	297
424	394
424	478
424	10
424	194
424	87
424	419
424	375
424	314
424	64
424	21
424	278
424	273
424	180
424	276
424	464
424	269
424	201
424	302
424	291
424	258
424	155
425	133
425	301
425	104
425	449
425	221
425	474
425	379
425	160
425	431
425	13
425	469
425	193
425	39
425	305
425	288
425	414
425	107
426	488
426	169
426	158
426	135
426	254
426	392
426	277
426	182
426	52
426	463
426	95
426	427
426	137
426	385
426	167
426	481
426	72
426	76
426	177
426	363
426	124
426	270
426	503
426	148
426	457
426	75
426	355
426	244
426	29
426	381
426	269
427	224
427	416
427	426
427	355
427	457
427	277
427	503
427	149
427	254
427	274
427	208
427	270
427	481
427	354
427	453
427	385
427	381
427	463
427	244
427	52
427	124
427	281
427	460
427	185
427	507
428	301
428	39
428	288
428	193
428	305
428	474
428	104
429	248
429	5
429	236
429	61
429	116
429	88
429	506
429	340
429	140
429	445
429	4
429	534
429	358
430	129
430	504
430	91
430	190
430	183
430	256
430	401
430	410
430	443
430	411
430	299
430	248
430	22
430	284
430	527
430	459
430	231
430	522
430	61
430	37
430	142
430	67
430	499
430	215
430	383
430	434
430	50
430	524
430	198
430	518
430	296
430	298
430	41
430	17
430	389
430	78
430	494
431	469
431	379
431	305
431	39
431	288
431	193
431	104
431	425
431	107
431	474
431	301
431	449
431	133
432	444
433	285
433	21
433	87
433	314
433	10
433	339
433	194
433	36
434	248
434	494
434	266
434	487
434	411
434	524
434	28
434	401
434	176
434	303
434	383
434	41
434	518
434	397
434	410
434	143
434	6
434	215
434	341
434	8
434	527
434	138
434	459
434	170
434	522
434	256
434	67
434	174
434	19
434	247
434	161
434	236
434	430
434	317
434	499
434	293
434	99
434	141
434	83
434	443
434	54
434	139
434	37
434	17
434	125
434	311
434	504
434	142
434	198
434	284
434	296
434	486
434	5
434	61
435	49
435	460
435	187
435	380
435	130
435	254
435	34
435	182
435	244
436	475
437	161
437	61
437	389
437	526
437	465
437	20
437	170
437	184
437	234
438	423
438	325
438	32
438	101
438	65
438	343
438	380
438	34
438	370
438	166
438	100
438	26
438	76
438	274
438	393
438	124
438	35
439	235
439	353
439	244
440	259
440	214
440	47
440	476
440	178
440	455
440	204
440	146
440	389
440	159
440	89
440	128
440	45
440	82
441	296
441	293
441	61
441	390
441	80
441	351
441	417
441	251
441	459
441	504
441	205
441	54
441	111
441	383
441	415
441	487
441	311
441	261
441	524
441	397
441	299
441	364
441	198
441	494
441	22
441	323
441	67
441	125
441	161
441	527
441	317
441	215
441	483
442	361
443	247
443	411
443	91
443	190
443	21
443	5
443	118
443	434
443	215
443	248
443	317
443	504
443	174
443	129
443	518
443	238
443	8
443	527
443	256
443	106
443	231
443	142
443	220
443	358
443	430
443	401
443	389
443	524
444	103
444	432
444	488
444	369
445	223
445	157
445	506
445	429
445	175
445	241
445	534
445	238
445	110
446	91
446	151
446	169
446	410
446	67
446	142
446	317
446	17
446	494
446	198
446	499
446	111
446	16
446	161
447	105
447	363
447	484
447	385
448	54
448	19
448	487
448	125
448	28
448	266
448	268
448	236
448	222
448	138
448	111
448	473
448	483
448	404
448	522
448	176
448	141
448	397
448	293
448	271
448	459
448	157
448	139
449	431
449	305
449	107
449	104
449	193
449	301
449	469
449	288
449	425
449	474
449	39
449	221
450	149
450	497
450	395
450	384
450	177
451	56
451	420
451	519
451	112
451	366
451	243
451	15
451	145
452	30
452	49
452	282
452	177
452	336
452	244
452	72
452	208
452	105
452	254
452	182
452	325
453	427
453	531
453	274
453	72
453	370
453	525
453	481
453	149
453	208
453	507
453	460
453	381
453	281
453	75
453	385
453	378
453	392
453	77
453	354
453	345
454	465
454	225
454	114
455	146
455	476
455	128
455	389
455	45
455	47
455	204
455	214
455	89
455	440
455	68
455	159
455	82
455	259
455	178
456	136
456	318
456	239
456	335
456	513
456	395
457	24
457	277
457	347
457	427
457	135
457	270
457	392
457	503
457	388
457	354
457	149
457	507
457	179
457	525
457	244
457	95
457	281
457	481
457	77
457	59
457	156
457	381
457	26
457	52
457	426
457	463
457	34
457	385
457	355
457	531
457	466
457	75
457	185
458	475
458	490
458	48
458	103
458	369
458	228
458	352
459	186
459	491
459	266
459	496
459	351
459	397
459	483
459	236
459	141
459	487
459	383
459	441
459	108
459	293
459	111
459	138
459	417
459	389
459	434
459	54
459	63
459	430
459	125
459	494
459	176
459	169
459	448
459	323
459	404
459	248
459	93
459	161
459	231
459	267
459	19
459	37
459	522
459	84
459	364
459	411
459	41
460	507
460	525
460	208
460	72
460	427
460	355
460	124
460	274
460	196
460	453
460	213
460	281
460	59
460	24
460	435
460	149
460	481
461	408
461	418
461	12
461	77
461	149
461	105
462	145
462	56
462	226
462	243
462	115
462	366
462	189
463	281
463	525
463	270
463	385
463	95
463	269
463	188
463	380
463	100
463	488
463	166
463	11
463	319
463	347
463	329
463	363
463	135
463	392
463	355
463	529
463	277
463	75
463	343
463	426
463	158
463	466
463	90
463	124
463	134
463	457
463	29
463	52
463	423
463	381
463	185
463	149
463	481
463	427
463	370
463	493
463	345
463	354
463	531
464	87
464	10
464	21
464	206
464	362
464	180
464	302
464	269
464	155
464	194
464	64
464	478
464	285
464	375
464	164
464	278
464	276
464	173
464	516
464	424
464	394
464	273
464	314
464	291
464	201
465	225
465	437
465	114
465	454
465	61
465	401
466	75
466	11
466	385
466	208
466	95
466	531
466	77
466	244
466	488
466	481
466	289
466	135
466	124
466	29
466	457
466	463
466	381
466	52
466	355
466	392
466	501
467	395
467	335
467	265
468	421
468	373
468	264
468	389
468	68
468	233
469	305
469	379
469	301
469	39
469	425
469	104
469	431
469	193
469	107
469	133
469	474
469	288
469	449
469	160
470	351
470	161
470	293
470	169
470	415
470	271
470	364
470	417
470	111
470	176
470	18
470	383
470	292
470	80
470	54
470	389
470	360
471	533
471	169
471	355
471	472
471	329
471	134
471	523
472	528
472	134
472	120
472	512
472	388
472	76
472	30
472	501
472	300
472	32
472	199
472	169
472	471
472	26
472	322
472	35
472	325
472	313
472	95
472	40
472	11
473	448
473	365
473	191
473	157
473	406
473	506
474	428
474	425
474	133
474	305
474	431
474	193
474	160
474	104
474	379
474	414
474	288
474	39
474	469
474	449
475	350
475	530
475	396
475	285
475	513
475	85
475	197
475	181
475	480
475	310
475	31
475	10
475	359
475	335
475	144
475	320
475	203
475	136
475	212
475	412
475	217
475	389
475	458
475	436
475	228
475	283
475	395
475	272
475	318
475	407
476	89
476	389
476	178
476	47
476	45
476	455
476	440
476	259
476	128
476	214
476	82
477	206
477	352
477	152
477	490
477	260
477	520
477	309
477	344
477	516
477	44
477	337
477	369
477	66
477	219
477	523
478	64
478	285
478	119
478	278
478	269
478	302
478	155
478	361
478	314
478	21
478	291
478	273
478	230
478	464
478	362
478	201
478	297
478	87
478	173
478	180
478	164
478	424
478	194
478	394
478	375
478	10
478	276
478	227
478	419
479	102
480	348
480	475
480	350
480	312
480	283
480	310
481	525
481	503
481	211
481	531
481	463
481	282
481	427
481	460
481	208
481	274
481	277
481	426
481	281
481	385
481	507
481	135
481	213
481	156
481	457
481	453
481	72
481	124
481	324
481	244
481	319
481	52
481	353
481	355
481	466
481	370
481	29
481	381
481	75
481	270
481	354
481	59
481	269
481	158
481	149
481	392
482	96
482	517
482	53
482	117
483	487
483	364
483	527
483	522
483	251
483	293
483	94
483	63
483	491
483	28
483	41
483	316
483	351
483	170
483	360
483	441
483	111
483	524
483	54
483	176
483	169
483	494
483	415
483	236
483	108
483	125
483	389
483	459
483	411
483	267
483	448
483	80
483	383
483	292
483	499
483	200
483	205
483	248
483	93
483	161
483	141
483	397
484	187
484	328
484	382
484	282
484	501
484	73
484	402
484	98
484	175
484	149
484	343
484	380
484	35
484	384
484	254
484	182
484	130
484	325
484	447
484	315
484	101
484	127
484	34
485	236
485	198
486	99
486	341
486	220
486	317
486	78
486	61
486	142
486	401
486	504
486	215
486	400
486	434
486	296
486	356
487	138
487	88
487	389
487	434
487	61
487	125
487	223
487	28
487	69
487	218
487	441
487	236
487	111
487	176
487	483
487	16
487	459
487	494
487	108
487	41
487	161
487	141
487	200
487	37
487	491
487	397
487	27
487	448
487	497
487	241
487	151
487	417
487	94
487	207
487	58
487	323
487	299
487	326
487	54
487	340
487	93
487	18
487	364
487	415
487	271
487	51
488	384
488	503
488	380
488	29
488	182
488	26
488	76
488	229
488	325
488	444
488	187
488	148
488	343
488	134
488	158
488	354
488	426
488	463
488	466
488	98
488	244
489	279
489	359
489	79
489	212
489	7
489	181
489	203
490	44
490	327
490	309
490	352
490	219
490	344
490	516
490	477
490	206
490	458
490	260
490	74
490	152
490	520
490	66
490	337
490	380
490	369
490	523
490	228
490	172
491	483
491	323
491	487
491	397
491	61
491	125
491	28
491	459
491	27
492	119
492	71
492	163
492	87
492	10
493	501
493	319
493	100
493	11
493	313
493	95
493	463
493	26
493	49
493	177
493	199
493	32
493	300
494	499
494	207
494	215
494	123
494	142
494	400
494	410
494	518
494	483
494	111
494	317
494	527
494	293
494	151
494	266
494	296
494	94
494	340
494	22
494	67
494	522
494	267
494	218
494	364
494	256
494	37
494	275
494	176
494	23
494	170
494	257
494	190
494	93
494	504
494	390
494	298
494	161
494	234
494	387
494	57
494	261
494	84
494	351
494	169
494	80
494	284
494	41
494	198
494	434
494	397
494	248
494	205
494	143
494	401
494	16
494	487
494	174
494	441
494	303
494	251
494	17
494	46
494	61
494	459
494	54
494	6
494	141
494	415
494	311
494	446
494	524
494	241
494	200
494	383
494	360
494	417
494	299
494	238
494	236
494	358
494	430
494	8
495	112
495	243
495	519
496	63
496	236
496	41
496	37
496	108
496	109
496	459
496	522
496	50
496	397
497	177
497	340
497	210
497	10
497	487
497	450
498	127
499	317
499	61
499	241
499	430
499	174
499	111
499	397
499	169
499	5
499	494
499	483
499	16
499	67
499	198
499	389
499	504
499	410
499	17
499	434
499	142
499	22
499	446
499	360
499	161
500	125
500	504
500	397
500	155
500	23
500	61
500	360
500	16
500	317
500	247
500	518
500	142
501	167
501	179
501	528
501	35
501	343
501	127
501	25
501	40
501	232
501	195
501	322
501	34
501	124
501	26
501	120
501	466
501	30
501	300
501	472
501	76
501	484
501	313
501	347
501	32
501	199
501	177
501	319
501	493
501	95
501	388
501	329
501	289
501	512
502	254
502	342
502	382
503	529
503	343
503	75
503	427
503	134
503	95
503	457
503	385
503	531
503	423
503	319
503	329
503	355
503	354
503	507
503	488
503	370
503	135
503	65
503	481
503	347
503	345
503	188
503	426
503	149
503	29
503	392
503	380
503	124
503	281
503	158
504	256
504	83
504	389
504	17
504	518
504	524
504	430
504	238
504	161
504	129
504	234
504	4
504	5
504	494
504	317
504	142
504	170
504	231
504	500
504	87
504	248
504	190
504	41
504	257
504	67
504	220
504	400
504	434
504	298
504	241
504	486
504	174
504	321
504	358
504	91
504	114
504	99
504	225
504	151
504	441
504	499
504	401
504	311
504	247
504	410
504	215
504	443
504	198
504	16
504	527
504	22
504	200
504	303
504	169
504	266
504	296
504	284
504	61
505	371
505	150
505	374
505	189
505	9
505	290
505	332
505	307
505	97
505	246
505	112
506	311
506	113
506	223
506	429
506	175
506	333
506	88
506	365
506	116
506	445
506	473
506	534
506	91
506	400
506	357
507	353
507	244
507	24
507	29
507	453
507	135
507	457
507	149
507	158
507	281
507	59
507	514
507	525
507	460
507	277
507	274
507	208
507	211
507	481
507	354
507	75
507	156
507	427
507	355
507	392
507	381
507	282
507	124
507	385
507	72
507	370
507	319
507	503
507	52
508	203
508	359
508	79
509	336
509	175
509	406
510	418
510	304
510	295
511	254
511	244
512	30
512	501
512	121
512	11
512	32
512	528
512	120
512	95
512	322
512	98
512	40
512	232
512	472
512	388
512	26
512	520
512	35
512	199
512	289
512	300
512	34
512	332
512	382
513	456
513	335
513	272
513	144
513	395
513	42
513	389
513	85
513	475
513	318
513	239
513	265
513	396
513	320
513	31
513	136
513	530
514	507
514	81
514	124
514	385
514	328
514	72
514	244
514	235
515	69
516	477
516	228
516	309
516	260
516	44
516	352
516	66
516	490
516	523
516	206
516	219
516	152
516	337
516	464
516	344
516	369
517	1
517	482
517	286
517	53
517	132
517	117
518	67
518	524
518	198
518	193
518	400
518	57
518	241
518	504
518	174
518	161
518	238
518	5
518	231
518	236
518	389
518	169
518	358
518	434
518	61
518	256
518	321
518	22
518	87
518	106
518	142
518	111
518	430
518	360
518	129
518	17
518	494
518	91
518	500
518	296
518	443
518	248
518	317
518	190
519	495
519	112
519	243
519	366
519	451
520	395
520	337
520	66
520	309
520	44
520	512
520	152
520	127
520	490
520	352
520	523
520	477
520	327
520	219
521	320
521	265
521	136
522	417
522	106
522	266
522	430
522	346
522	19
522	410
522	141
522	496
522	248
522	222
522	161
522	401
522	37
522	397
522	387
522	299
522	111
522	169
522	459
522	293
522	483
522	434
522	51
522	251
522	54
522	341
522	80
522	448
522	57
522	494
522	28
522	176
522	411
522	236
522	527
522	404
522	16
522	383
522	389
522	63
522	108
522	93
522	41
522	138
522	303
523	152
523	260
523	471
523	44
523	66
523	40
523	490
523	309
523	520
523	337
523	352
523	516
523	477
523	219
523	206
524	483
524	116
524	91
524	27
524	410
524	296
524	333
524	527
524	57
524	389
524	247
524	198
524	390
524	106
524	518
524	441
524	358
524	317
524	231
524	267
524	401
524	256
524	61
524	46
524	248
524	22
524	430
524	129
524	241
524	111
524	298
524	284
524	220
524	190
524	50
524	8
524	183
524	67
524	504
524	434
524	443
524	494
524	311
524	142
524	174
525	453
525	355
525	135
525	185
525	211
525	481
525	460
525	319
525	507
525	457
525	381
525	281
525	59
525	385
525	72
525	149
525	392
525	463
525	244
525	353
525	124
525	24
525	52
525	274
526	91
526	389
526	184
526	257
526	437
527	257
527	17
527	106
527	434
527	504
527	161
527	176
527	483
527	111
527	341
527	524
527	316
527	46
527	57
527	397
527	61
527	401
527	430
527	311
527	116
527	22
527	296
527	37
527	248
527	443
527	67
527	198
527	389
527	410
527	50
527	358
527	86
527	122
527	390
527	411
527	151
527	6
527	267
527	8
527	41
527	441
527	183
527	261
527	522
527	377
527	494
528	388
528	325
528	35
528	501
528	300
528	512
528	26
528	120
528	11
528	167
528	289
528	472
528	322
528	199
528	95
528	313
528	32
529	149
529	503
529	345
529	463
529	392
529	134
529	354
530	318
530	335
530	272
530	136
530	42
530	395
530	85
530	320
530	396
530	265
530	144
530	31
530	475
530	513
531	52
531	385
531	208
531	466
531	503
531	392
531	413
531	481
531	354
531	149
531	457
531	381
531	453
531	463
532	227
532	10
532	302
532	194
532	330
533	61
533	190
533	471
534	175
534	191
534	406
534	340
534	157
534	223
534	88
534	238
534	506
534	429
534	445